$ANSIBLE_VAULT;1.1;AES256
30646531303935346135376439626338666232363634646432613032303064613537363438346436
3538643535663631663239393635353961653037353761350a626437666134643935363030363738
37346138313733663230646133333533346566623330653466343632613437636564353831643732
6137393566633133370a346634336336363435343364616434626236383039323532333465656266
63313837663234653464303666643662633138623337353036393931393061646539626261393635
34343339653861393462313331636166336636303965316330613330643835636433623234313635
65333533386235653763626530386263366634343165626165626261396435373639643063623131
34373636663337626537366432643231633838323762336539616535386461396235343961633838
35376166623061326531353363616666363538633338363839383634303465646235393864646336
39373536383339386561616438623663333930663832336563646263376135393835653830663236
646130366638363038373630336562386332
